TIME MEM VIRT RES SHR CPU FREE SWAP
0:00.16 0.8 14932 8320 3200 99.9 155.3 3457.8
0:01.89 5.5 60500 54016 3200 66.7 111.5 3458.1
0:03.38 10.0 105300 98816 3200 99.9 64.7 3458.1
0:04.90 14.7 151636 145024 3200 50.0 64.4 3457.6
0:06.54 17.2 201300 169600 3200 99.9 83.7 3432.8
0:08.08 22.0 248404 216576 3200 99.9 88.5 3413.6
0:09.68 26.9 297044 265216 3200 90.9 59.8 3382.9
0:11.19 31.5 341972 310144 3200 90.9 62.8 3346.9
0:12.75 35.5 388820 349952 3200 90.0 104.9 3324.8
0:14.31 38.8 435796 381824 3200 54.5 126.7 3307.6
0:15.91 43.7 484308 430464 3200 60.0 80.9 3307.6
0:17.44 43.4 529364 427136 3200 90.9 81.8 3260.3
0:19.03 48.2 576340 474240 3200 99.9 65.0 3240.3
0:20.62 52.1 622804 513152 3200 90.9 67.0 3227.8
0:22.11 55.2 666964 543872 2944 99.9 83.0 3207.1
0:23.67 60.0 713940 590848 2944 99.9 67.4 3199.3
0:25.20 63.9 759380 629376 2944 99.9 79.7 3167.7
0:26.74 62.0 805460 610432 2816 99.9 98.8 3103.4
0:28.29 65.6 852180 645760 2816 81.8 113.3 3052.2
0:29.81 66.3 897876 652928 2816 81.8 64.1 3049.2
0:31.38 64.4 945108 633984 2816 90.9 86.0 2987.5
0:32.86 62.0 989652 610944 2816 90.0 107.5 2921.5
0:34.47 66.4 1038164 654336 2816 72.7 115.4 2854.7
0:36.00 64.9 1084244 638720 2816 99.9 81.9 2854.7
0:37.38 62.3 1125076 613376 2816 81.8 99.2 2789.9
0:38.93 65.9 1171796 649472 2816 90.9 63.2 2773.9
0:40.43 63.8 1217108 628224 2816 90.9 84.1 2714.7
0:42.04 66.3 1265236 652672 2816 81.8 101.4 2627.8
0:43.52 64.1 1308884 630784 2816 99.9 75.8 2627.8
0:45.06 64.8 1354964 638080 2816 60.0 90.3 2571.1
0:46.54 61.0 1398100 600320 2816 45.5 113.2 2508.6
0:48.19 65.9 1448788 648960 2816 90.0 66.2 2508.6
0:49.68 63.6 1493460 626560 2816 90.0 87.4 2443.2
0:51.23 65.6 1540436 646144 2816 90.9 74.9 2416.1
0:52.74 63.4 1585876 624000 2816 90.0 95.9 2350.0
0:54.22 61.4 1630164 604544 2816 63.6 115.2 2288.0
0:55.87 66.4 1679700 654080 2816 99.9 68.9 2288.0
0:57.31 63.9 1721556 629120 2816 63.6 127.9 2175.1
0:58.81 63.3 1764564 622976 2816 90.9 76.4 2175.4
1:00.31 65.2 1809364 642304 2816 99.9 95.9 2094.9
1:01.78 63.9 1853140 629248 2816 99.9 64.8 2087.4
1:03.35 62.1 1899988 611840 2816 99.9 77.9 2032.0
1:04.84 63.9 1944660 628864 2816 99.9 64.8 2004.7
1:06.26 59.6 1986004 587008 2816 80.0 97.7 1939.6
1:07.69 61.7 2026580 607872 2816 99.9 83.9 1884.9
1:09.21 55.2 2071636 544000 2816 50.0 131.3 1822.1
1:10.78 60.1 2119252 591616 2816 99.9 83.5 1822.1
1:12.28 61.1 2164180 601728 2816 99.9 72.4 1788.4
1:13.80 59.0 2209748 581120 2816 99.9 90.5 1723.6
1:15.32 59.8 2255444 589184 2816 90.9 95.2 1685.9
1:16.94 64.4 2304852 634112 2816 72.7 71.6 1667.1
1:18.37 61.9 2347220 609408 2816 99.9 101.8 1601.6
1:19.96 64.1 2395220 631424 2816 50.0 121.5 1535.9
1:21.49 64.6 2441684 636288 2816 99.9 73.8 1535.9
1:23.01 64.9 2487124 639616 2816 99.9 68.0 1494.9
1:24.58 65.6 2534228 645888 2816 54.5 123.5 1403.4
1:26.10 65.7 2580052 647424 2816 99.9 74.3 1403.6
1:27.58 61.9 2624084 609792 2688 90.9 108.5 1325.1
1:29.17 66.7 2672468 657280 2688 81.8 52.1 1285.9
1:30.67 65.3 2717268 643200 2688 36.4 109.2 1226.0
1:32.16 65.0 2761684 639872 2688 99.9 65.7 1226.0
1:33.66 65.9 2806996 648576 2688 99.9 66.5 1147.9
1:35.24 66.3 2854868 652544 2688 81.8 100.7 1101.1
1:36.75 66.0 2900052 649856 2688 99.9 64.1 1036.1
1:38.29 63.9 2946644 629504 2688 99.9 79.1 1036.1
1:39.79 61.1 2991316 601344 2688 90.9 96.8 963.8
1:41.43 66.0 3040724 649728 2688 90.9 98.2 898.0
1:42.94 63.9 3086548 629504 2688 99.9 79.9 898.0
1:44.40 64.2 3130196 632064 2688 81.8 76.9 857.9
1:45.94 62.1 3176404 611456 2560 99.9 90.4 792.4
1:47.43 59.9 3220692 590208 2560 99.9 122.4 728.5
1:48.97 64.7 3267412 636928 2560 99.9 70.1 700.2
1:50.32 62.2 3304660 612608 2560 72.7 75.0 685.4
1:51.86 62.4 3350228 614400 2560 99.9 73.0 642.4
1:53.32 59.9 3394004 589824 2560 99.9 95.4 578.1
1:54.83 61.7 3439828 607488 2560 72.7 77.7 548.6
1:56.40 60.4 3486932 594688 2560 99.9 80.1 490.0
1:57.67 58.1 3524052 571904 2560 60.0 67.5 433.3
1:58.75 56.5 3553364 556032 2560 27.3 120.9 373.0
2:00.25 56.6 3597908 557696 2560 90.9 66.1 373.0
2:01.81 55.9 3645012 550784 2560 45.5 93.6 308.8
2:03.37 58.1 3692500 571776 2560 99.9 67.8 267.5
2:04.86 56.9 3736404 560128 2560 99.9 91.2 236.7
2:06.38 56.9 3781972 560640 2560 99.9 90.4 194.3
2:07.83 56.1 3825236 552192 2560 54.5 115.5 131.2
2:09.47 60.9 3875284 600064 2560 90.0 69.5 131.2
2:10.92 60.1 3918292 591872 2560 99.9 90.8 74.7
2:12.41 60.7 3962836 598272 2560 45.5 126.0 4.6
2:13.95 63.5 4009556 625152 2560 90.0 78.8 4.6
2:15.35 67.0 4050260 659712 512 31.2 56.8 0.1
562.5 3310.8
570.4 3310.8
573.5 3310.8
573.2 3310.8
573.2 3310.8
573.2 3310.8
580.6 3311.0
580.4 3311.0
580.4 3311.0
587.5 3311.0
587.5 3311.0
587.5 3311.0
587.5 3311.0
594.6 3311.0
598.6 3311.0
598.6 3311.0
594.1 3311.0
594.1 3311.0
594.1 3311.0
594.1 3311.0
594.1 3311.0
581.6 3311.3
581.6 3311.3
581.6 3311.3
581.3 3311.3
581.3 3311.3
581.3 3311.3
581.3 3311.3
581.3 3311.3
581.3 3311.3
581.3 3311.3
581.3 3311.3
581.3 3311.3
583.4 3311.3
583.2 3311.3
583.2 3311.3
583.2 3311.3
583.3 3311.3
583.1 3311.3
583.1 3311.3
583.1 3311.3
583.2 3311.3
583.0 3311.3
451.8 3332.0
412.4 3356.5
412.4 3356.5
412.4 3356.5
412.4 3356.5
412.4 3356.5
412.4 3356.5
412.4 3356.5
419.8 3356.5
419.8 3356.5
419.8 3356.5
424.3 3356.5
429.2 3356.5
429.6 3356.5
429.6 3356.5
429.6 3356.5
429.7 3356.5
429.7 3356.5
429.7 3356.5
429.7 3356.5
429.7 3356.5
429.7 3356.5
429.7 3356.5
429.7 3356.5
429.4 3356.5
429.4 3356.5
429.2 3356.5
429.0 3356.5
429.0 3356.5
429.0 3356.5
429.0 3356.5
429.0 3356.5
429.0 3356.5
429.0 3356.5
429.0 3356.5
429.0 3356.5
429.0 3356.8
429.0 3356.8
429.0 3356.8
429.0 3356.8
429.0 3356.8
429.0 3356.8
429.0 3356.8
429.0 3356.8
429.0 3356.8
429.0 3356.8
429.0 3356.8
429.0 3356.8
429.1 3356.8
429.1 3356.8
429.1 3356.8
429.1 3356.8
429.1 3356.8
429.1 3356.8
429.1 3356.8
429.1 3356.8
429.1 3356.8
429.1 3356.8
429.0 3356.8
429.0 3356.8
429.2 3356.8
428.9 3356.8
428.9 3356.8
428.9 3356.8
429.0 3356.8
429.0 3356.8
429.0 3356.8
429.0 3356.8
429.0 3356.8
429.0 3356.8
429.0 3356.8
429.0 3356.8
429.0 3356.8
429.0 3356.8
429.0 3356.8
429.0 3356.8
429.0 3356.8
428.8 3356.8
428.8 3356.8
428.8 3356.8
428.8 3356.8
428.8 3356.8
428.8 3356.8
428.5 3356.8
428.5 3356.8
428.5 3356.8
428.5 3356.8
428.5 3356.8
428.5 3356.8
428.5 3356.8
428.5 3356.8
428.8 3356.8
429.1 3356.8
428.8 3356.8
428.8 3356.8
428.8 3356.8
428.8 3356.8
428.8 3356.8
428.8 3356.8
428.8 3356.8
428.8 3356.8
428.8 3356.8
428.8 3356.8
428.8 3356.8
429.0 3356.8
428.7 3356.8
428.7 3356.8
428.7 3356.8
428.7 3356.8
428.7 3356.8
428.7 3356.8
428.7 3356.8
428.7 3356.8
428.7 3356.8
428.7 3356.8
428.7 3356.8
428.7 3356.8
428.7 3356.8
428.7 3356.8
428.7 3356.8
428.7 3356.8
428.7 3356.8
429.0 3356.8
429.0 3356.8
429.0 3356.8
429.0 3356.8
428.8 3356.8
428.8 3356.8
428.8 3356.8
428.8 3356.8
428.8 3356.8
428.9 3356.8
428.9 3356.8
428.9 3356.8
428.9 3356.8
428.9 3356.8
428.9 3356.8
428.9 3356.8
428.9 3356.8
428.9 3356.8
428.9 3356.8
428.9 3356.8
428.9 3356.8
428.9 3356.8
428.9 3356.8
428.9 3356.8
428.9 3356.8
428.9 3356.8
428.6 3356.8
428.6 3356.8
428.6 3356.8
428.6 3356.8
428.6 3356.8
428.5 3356.8
428.5 3356.8
428.5 3356.8
428.6 3356.8
427.8 3357.0
427.7 3357.0
427.2 3357.0
427.2 3357.0
428.0 3357.0
428.0 3357.0
428.0 3357.0
428.0 3357.0
428.0 3357.0
428.0 3357.0
428.0 3357.0
428.0 3357.0
428.0 3357.0
428.0 3357.0
428.0 3357.0
428.0 3357.0
428.0 3357.0
428.0 3357.0
427.7 3357.0
427.7 3357.0
427.7 3357.0
427.7 3357.0
427.7 3357.0
421.8 3357.3
421.8 3357.3
421.8 3357.3
421.8 3357.3
421.8 3357.3
421.8 3357.3
421.8 3357.3
421.8 3357.3
421.8 3357.3
421.8 3357.3
421.8 3357.3
421.8 3357.3
421.8 3357.3
421.8 3357.3
421.8 3357.3
421.8 3357.3
421.8 3357.3
421.8 3357.3
421.8 3357.3
421.8 3357.3
421.8 3357.3
421.8 3357.3
421.8 3357.3
421.8 3357.3
421.8 3357.3
421.8 3357.3
421.8 3357.3
422.0 3357.3
422.0 3357.3
422.3 3357.3
422.3 3357.3
422.3 3357.3
422.3 3357.3
422.3 3357.3
422.3 3357.3
422.3 3357.3
422.3 3357.3
422.3 3357.3
422.3 3357.3
421.9 3357.3
421.9 3357.3
421.9 3357.3
421.9 3357.3
421.9 3357.3
421.9 3357.3
421.9 3357.3
421.9 3357.3
421.9 3357.3
421.9 3357.3
421.9 3357.3
421.9 3357.3
421.9 3357.3
422.0 3357.3
422.0 3357.3
422.0 3357.3
422.0 3357.3
422.0 3357.3
422.0 3357.3
422.0 3357.3
422.0 3357.3
421.9 3357.3
421.9 3357.3
421.6 3357.3
421.6 3357.3
421.8 3357.3
421.8 3357.3
421.8 3357.3
421.8 3357.3
421.8 3357.3
421.8 3357.3
421.8 3357.3
421.8 3357.3
421.8 3357.3
421.8 3357.3
421.8 3357.3
421.8 3357.3
421.8 3357.3
421.8 3357.3
421.8 3357.3
421.8 3357.3
421.8 3357.3
421.8 3357.3
421.8 3357.3
421.8 3357.3
421.8 3357.3
421.3 3357.3
405.3 3359.3
360.1 3361.5
261.9 3382.8
206.8 3407.5
193.7 3407.5
193.5 3413.5
193.5 3413.8
193.5 3413.8
193.2 3414.0
193.2 3414.0
193.2 3414.0
200.6 3414.0
200.6 3414.0
200.6 3414.0
206.1 3414.0
206.1 3414.3
206.1 3414.3
206.1 3414.3
206.1 3414.3
206.1 3414.3
206.1 3414.3
206.1 3414.5
206.1 3414.5
206.1 3414.5
206.1 3414.5
206.1 3414.5
206.1 3414.5
206.1 3414.5
206.1 3416.0
202.4 3418.0
204.0 3418.0
204.0 3418.0
204.0 3418.0
204.2 3418.0
204.2 3418.0
204.2 3418.0
204.3 3418.0
204.3 3418.0
204.3 3418.0
204.3 3418.0
204.3 3418.0
204.3 3418.0
204.2 3418.0
204.2 3418.0
204.3 3418.0
202.3 3418.0
204.2 3418.0
204.2 3418.0
204.2 3418.0
204.2 3418.0
204.2 3418.0
204.2 3418.0
204.2 3418.0
204.2 3418.0
204.2 3418.0
204.2 3418.0
204.3 3418.0
204.3 3418.0
204.3 3418.0
204.6 3418.0
204.3 3418.0
204.3 3418.0
204.3 3418.0
204.3 3418.0
204.3 3418.0
204.3 3418.0
204.3 3418.0
204.3 3418.0
204.3 3418.0
204.5 3418.0
204.5 3418.0
204.3 3418.0
204.3 3418.0
204.5 3418.0
204.5 3418.0
204.5 3418.0
204.5 3418.0
204.5 3418.0
204.5 3418.0
204.5 3418.0
204.5 3418.0
204.5 3418.0
204.5 3418.0
204.5 3418.0
204.5 3418.0
204.5 3418.0
204.5 3418.0
204.5 3418.0
204.0 3418.0
204.0 3418.0
204.5 3418.0
204.2 3418.0
204.2 3418.0
204.2 3418.0
204.2 3418.0
204.2 3418.0
204.5 3418.0
204.5 3418.0
204.5 3418.0
204.5 3418.0
204.5 3418.0
204.5 3418.0
204.5 3418.0
204.6 3418.0
204.3 3418.0
204.3 3418.0
204.5 3418.0
204.3 3418.0
189.2 3420.3
177.4 3420.3
177.4 3420.3
177.5 3420.3
177.0 3420.3
177.0 3420.3
177.0 3420.3
177.0 3420.3
177.0 3420.3
177.0 3420.3
177.2 3420.3
177.2 3420.3
177.1 3420.3
177.1 3420.3
177.0 3420.3
177.0 3420.5
177.0 3420.5
177.0 3420.5
177.0 3420.5
177.0 3420.5
177.0 3420.5
177.2 3420.5
176.9 3420.5
177.2 3420.5
175.2 3420.5
177.2 3420.5
177.2 3420.5
177.2 3420.5
177.2 3420.5
176.9 3420.5
182.8 3420.5
182.8 3420.5
182.8 3420.5
182.8 3420.5
182.8 3420.5
182.8 3420.5
182.8 3420.5
182.8 3420.5
182.8 3420.5
182.8 3420.5
182.8 3420.5
182.8 3420.5
182.8 3420.5
182.8 3420.5
182.7 3420.5
182.7 3420.5
182.7 3420.5
182.7 3420.5
182.7 3420.5
182.7 3420.5
182.7 3420.5
182.7 3420.5
182.7 3420.5
182.7 3420.5
182.7 3420.5
182.7 3420.5
182.7 3420.5
182.7 3420.5
182.7 3420.5
182.5 3420.5
182.7 3420.5
180.7 3420.5
180.7 3420.5
180.7 3420.5
180.7 3420.5
182.7 3420.5
182.5 3420.5
182.5 3420.5
182.5 3420.5
182.5 3420.5
182.0 3420.8
175.6 3420.8
182.5 3420.8
179.3 3420.8
175.6 3420.8
175.6 3420.8
175.6 3420.8
175.6 3420.8
176.3 3420.8
176.3 3420.8
176.3 3420.8
174.3 3420.8
174.3 3420.8
174.3 3420.8
174.3 3420.8
174.3 3420.8
174.3 3420.8
174.3 3420.8
174.3 3420.8
174.3 3420.8
174.3 3420.8
174.3 3420.8
174.3 3420.8
174.3 3420.8
174.3 3420.8
174.3 3420.8
174.3 3420.8
174.3 3420.8
174.3 3420.8
174.3 3420.8
174.3 3420.8
174.3 3420.8
174.3 3420.8
174.3 3420.8
176.0 3420.8
176.0 3420.8
176.0 3420.8
176.0 3420.8
176.0 3420.8
174.3 3420.8
176.3 3420.8
174.3 3420.8
174.3 3420.8
174.3 3420.8
174.3 3420.8
174.3 3420.8
174.3 3420.8
182.2 3420.8
182.1 3420.8
182.1 3420.8
182.1 3420.8
177.4 3420.8
177.4 3420.8
