TIME MEM VIRT RES SHR CPU FREE SWAP
0:00.02 0.4 10708 4224 3328 9.1 110.9 3275.8
0:00.46 1.7 23252 16896 3328 25.0 124.7 3281.8
0:00.92 3.0 36308 29824 3328 27.3 99.1 3282.1
0:01.52 4.7 53076 46720 3328 30.0 72.9 3281.8
0:02.06 6.2 67924 61440 3328 18.2 98.0 3283.6
0:02.55 7.6 80980 74496 3328 30.0 68.5 3282.8
0:03.01 8.4 92884 82816 3328 16.7 81.8 3271.9
0:03.53 7.2 99668 71168 3328 16.7 107.7 3221.0
0:04.05 8.6 113236 84736 3328 18.2 118.7 3223.0
0:04.60 10.1 128340 99840 3328 27.3 117.0 3223.0
0:05.20 11.8 145108 116608 3328 9.1 72.4 3183.7
0:05.74 10.7 159060 105216 3328 18.2 112.5 3158.1
0:06.15 11.8 170452 116096 3328 18.2 99.7 3158.1
0:06.56 12.9 181844 127488 3328 20.0 69.9 3158.3
0:06.95 14.0 192596 138112 3328 20.0 97.8 3158.3
0:07.41 15.3 205268 150784 3328 18.2 73.7 3125.3
0:07.83 16.5 216532 162048 3200 9.1 74.7 3090.7
0:08.19 17.5 226644 171904 3200 18.2 116.4 3058.1
0:08.62 18.6 238292 183552 3200 16.7 115.5 3065.3
0:09.11 20.0 251604 196736 3200 36.4 58.7 3064.6
0:09.55 21.2 263636 208896 3200 18.2 107.6 3065.8
0:09.98 19.7 275156 193920 3200 16.7 92.6 3021.7
0:10.38 19.4 284500 191232 3200 16.7 73.6 2993.5
0:10.81 14.3 294740 141056 3200 7.7 145.1 2880.4
0:11.13 14.4 301780 142080 3200 8.3 120.5 2822.1
0:11.45 12.7 309332 125312 3200 18.2 86.5 2822.9
0:11.81 13.2 318676 130176 3200 18.2 62.7 2776.1
0:12.39 13.0 333396 128000 3200 30.0 65.4 2763.4
0:12.86 13.2 345940 130432 3200 18.2 80.2 2726.1
0:13.28 13.7 357716 134784 3200 10.0 118.1 2725.1
0:13.72 14.9 369876 147072 3200 10.0 115.6 2723.8
0:14.11 16.0 380628 157824 3200 9.1 73.6 2723.8
0:14.56 17.1 392532 168192 3200 18.2 75.3 2704.3
0:14.92 14.2 402260 140288 3200 18.2 108.2 2644.3
0:15.36 15.4 413908 151936 3200 18.2 82.4 2615.8
0:15.77 16.5 424916 162816 3200 36.4 80.9 2615.6
0:16.21 15.9 436436 156928 3200 18.2 75.4 2577.8
0:16.58 16.7 446548 164352 3200 27.3 84.7 2511.8
0:17.03 14.7 458964 144384 3200 27.3 112.8 2533.8
0:17.59 16.2 473684 159232 3200 40.0 119.2 2578.0
0:18.36 18.5 496596 182016 3200 40.0 65.2 2578.8
0:19.12 20.8 519508 204800 3200 40.0 91.8 2579.5
0:19.85 22.9 539988 225280 3200 45.5 82.4 2579.5
0:20.61 25.2 562516 247808 3200 45.5 68.3 2576.3
0:21.33 24.4 583636 240640 3072 45.5 100.8 2517.6
0:22.07 26.1 606036 256640 3072 18.2 84.6 2504.1
0:22.86 28.4 629204 279808 3072 45.5 80.2 2436.6
0:23.61 27.2 651476 268032 3072 36.4 80.1 2436.6
0:24.34 28.1 672852 276480 3072 36.4 87.8 2407.6
0:25.07 27.5 694612 270464 2944 40.0 111.5 2351.7
0:25.85 29.8 717780 293760 2944 50.0 61.5 2306.4
0:26.61 29.8 740308 293760 2944 36.4 72.9 2295.9
0:27.24 29.5 758100 290304 2944 40.0 74.9 2260.7
0:27.94 28.2 778452 277504 2944 45.5 114.3 2191.9
0:28.71 30.5 801492 300544 2944 40.0 63.8 2169.6
0:29.46 29.6 822612 291840 2944 40.0 75.6 2134.4
0:30.23 31.3 845396 308480 2944 30.0 76.6 2108.1
0:30.99 31.3 867924 308352 2944 36.4 61.4 2064.4
0:31.72 29.4 889172 289536 2944 45.5 95.2 2001.8
0:32.50 31.7 912596 312448 2944 45.5 72.6 1991.8
0:33.23 30.1 933332 296064 2944 50.0 94.4 1927.8
0:33.97 29.4 955092 289408 2944 16.7 122.1 1867.6
0:34.75 31.4 977108 308992 2944 36.4 76.3 1867.8
0:35.47 30.2 998228 297728 2944 40.0 99.4 1802.7
0:36.23 31.8 1020244 313600 2944 36.4 53.4 1768.2
0:36.94 29.7 1040852 292224 2944 40.0 102.8 1707.5
0:37.73 32.0 1064148 315520 2944 45.5 88.8 1683.7
0:38.51 32.5 1086548 319616 2944 45.5 97.2 1622.2
0:39.25 32.2 1108564 317440 2944 36.4 62.1 1612.0
0:39.99 32.4 1130708 318976 2944 40.0 81.0 1516.2
0:40.74 31.3 1152468 307968 2944 50.0 79.6 1517.7
0:41.40 30.7 1170900 302080 2944 36.4 73.9 1448.9
0:41.94 27.0 1183700 265472 2944 18.2 128.0 1384.9
0:42.66 26.0 1204436 256128 2944 60.0 79.0 1385.4
0:43.36 24.7 1225172 242816 2944 16.7 103.7 1317.3
0:44.08 24.4 1245908 240768 2944 45.5 105.1 1276.7
0:44.85 26.7 1268052 262912 2944 60.0 72.8 1217.6
0:45.55 23.7 1285716 233600 2944 40.0 92.2 1205.8
0:46.31 23.6 1307860 232832 2944 45.5 89.4 1162.2
0:47.07 22.7 1329364 223232 2944 27.3 114.2 1101.2
0:47.89 25.1 1353172 247040 2944 50.0 63.8 1082.0
0:48.64 23.4 1374676 230656 2944 36.4 98.4 1031.8
0:49.41 25.7 1397204 253184 2944 36.4 67.1 1029.5
0:50.13 26.0 1418452 256512 2944 18.2 83.2 988.6
0:50.86 28.1 1439828 276352 2944 40.0 71.3 963.0
0:51.59 28.5 1461716 280448 2944 36.4 85.0 911.5
0:52.32 29.8 1482324 293632 2944 18.2 82.5 878.5
0:53.01 28.2 1500884 277632 2944 20.0 112.8 812.2
0:53.61 29.6 1518036 291200 2944 36.4 66.5 768.0
0:54.34 29.4 1538644 289408 2944 50.0 63.0 714.4
0:55.10 29.3 1561428 288384 2944 36.4 68.1 714.7
0:55.83 28.1 1582676 277120 2944 45.5 89.9 650.7
0:56.57 28.6 1604692 281728 2944 30.0 80.6 620.3
0:57.28 27.2 1625044 267776 2944 45.5 102.3 554.1
0:58.08 29.6 1648724 291584 2944 40.0 60.9 497.5
0:58.84 28.5 1670868 280448 2944 36.4 80.1 489.0
0:59.57 29.3 1691092 288768 2944 45.5 70.9 466.1
1:00.30 29.1 1711828 286976 2944 18.2 77.1 420.9
1:01.03 30.0 1732820 295552 2944 27.3 105.7 372.0
1:01.75 30.8 1754068 303744 2944 40.0 60.2 345.1
1:02.45 29.5 1774420 290560 2944 20.0 116.1 285.3
1:03.19 30.8 1795924 303488 2944 50.0 67.4 245.7
1:03.92 29.7 1817556 292352 2944 36.4 80.8 222.4
1:04.64 30.7 1838292 302720 2944 36.4 64.3 149.8
1:05.35 29.5 1858644 290944 2944 36.4 89.1 143.0
1:06.08 29.7 1879380 292096 2944 36.4 81.6 105.0
1:06.74 28.4 1896788 279680 2944 18.2 117.7 42.3
1:07.52 30.6 1919956 301312 2944 40.0 63.0 42.8
1:08.25 30.5 1940948 300800 2944 36.4 64.5 0.0
1:08.90 31.6 1959508 310912 768 33.3 72.0 0.1
1:09.57 33.0 1974612 325376 512 12.9 58.9 895.8
283.4 1589.2
224.6 1592.0
154.4 1593.7
103.6 1601.2
68.5 1592.2
73.5 1549.0
99.7 1485.7
99.2 1420.5
61.6 1420.5
101.7 1365.9
82.6 1342.3
66.2 1301.4
57.8 1284.7
123.3 1223.8
63.8 1221.5
92.4 1163.8
113.4 1097.3
104.9 1049.2
68.5 1050.5
69.7 1018.8
96.3 952.6
103.9 901.5
59.6 888.8
66.9 862.1
111.5 789.8
66.7 790.3
108.9 727.2
61.4 718.6
110.1 636.5
105.2 584.4
56.3 572.1
110.1 500.9
65.1 500.9
69.0 456.9
64.8 417.0
115.2 353.3
69.7 353.8
85.2 298.9
115.4 240.7
67.9 240.9
67.1 163.3
85.4 137.9
63.2 120.3
96.3 56.6
79.0 32.4
67.3 0.0
67.5 0.2
53.8 0.2
70.5 2073.8
530.5 3211.8
506.9 3214.8
419.3 3215.3
422.1 3215.6
405.1 3216.8
328.8 3217.8
286.5 3218.1
245.7 3218.3
247.9 3218.3
190.1 3221.6
184.9 3222.3
186.4 3222.3
185.1 3222.3
183.4 3222.6
207.6 3222.8
283.3 3223.1
290.4 3223.1
297.8 3223.1
306.6 3225.3
305.1 3225.3
305.2 3225.3
305.2 3225.3
305.6 3225.3
301.5 3225.6
301.2 3225.6
304.4 3225.6
302.1 3225.6
304.1 3225.6
288.3 3226.8
289.6 3226.8
290.8 3226.8
289.8 3226.8
290.8 3226.8
288.4 3226.8
287.6 3227.3
289.1 3227.3
289.2 3227.3
288.7 3227.8
288.7 3227.8
284.8 3230.8
285.6 3230.8
285.8 3230.8
285.1 3230.8
285.1 3230.8
285.1 3230.8
281.1 3230.8
281.1 3230.8
284.3 3231.1
284.4 3231.1
279.6 3231.1
281.6 3231.1
282.5 3231.1
282.5 3231.1
282.5 3231.1
283.1 3231.1
279.6 3231.1
279.4 3231.1
282.3 3231.1
279.5 3231.1
279.0 3231.1
282.2 3231.1
281.4 3231.1
281.8 3231.1
281.8 3231.1
281.8 3231.1
279.7 3231.1
280.8 3231.1
279.6 3231.1
279.6 3231.1
283.3 3231.1
282.6 3231.1
284.6 3231.1
285.1 3231.1
284.8 3231.1
284.7 3231.1
282.8 3231.1
284.9 3231.1
284.7 3231.1
268.1 3231.3
271.8 3231.3
271.5 3231.3
271.5 3231.3
271.0 3231.3
271.0 3231.3
271.1 3231.3
271.1 3231.6
271.7 3231.6
271.7 3231.6
258.2 3231.6
257.9 3231.8
257.9 3231.8
257.9 3231.8
257.9 3231.8
257.9 3231.8
257.1 3231.8
257.9 3231.8
257.4 3231.8
257.6 3231.8
257.5 3231.8
258.2 3231.8
257.9 3231.8
257.9 3231.8
252.7 3231.8
255.9 3231.8
256.5 3231.8
254.0 3231.8
262.5 3231.8
252.5 3231.8
252.5 3231.8
254.4 3231.8
252.2 3232.1
253.0 3232.1
253.0 3232.1
253.0 3232.1
255.7 3232.1
253.2 3232.1
255.2 3232.1
254.9 3232.1
254.9 3232.1
255.1 3232.1
255.1 3232.1
255.1 3232.1
255.4 3232.3
255.0 3232.3
255.2 3232.3
254.9 3232.3
255.2 3232.3
255.0 3232.3
254.2 3232.3
254.2 3232.3
254.2 3232.3
255.4 3232.3
255.4 3232.3
249.9 3232.3
255.2 3232.3
251.2 3232.3
255.2 3232.3
252.5 3232.3
246.7 3232.3
253.6 3232.3
251.5 3232.3
252.7 3232.3
258.0 3232.3
253.8 3232.3
253.8 3232.3
254.4 3232.6
